0.606556 0.223427 0.065586 0.104431
0.672640 0.194316 0.133034 0.000010
0.733610 0.000010 0.000010 0.266370
0.398421 0.121620 0.321929 0.158030
0.747111 0.000010 0.075521 0.177358
0.680813 0.000010 0.000010 0.319167
0.999970 0.000010 0.000010 0.000010
0.504865 0.238262 0.238177 0.018695
0.674759 0.000010 0.042552 0.282679
0.629447 0.216861 0.031462 0.122229
0.567879 0.070327 0.000010 0.361783
0.529814 0.000010 0.140130 0.330047
0.606397 0.000010 0.013449 0.380144
0.682364 0.077364 0.163898 0.076374
0.546356 0.000010 0.067133 0.386501
0.621786 0.000010 0.084349 0.293855
0.166583 0.000010 0.833397 0.000010
0.000010 0.176922 0.823058 0.000010
0.418513 0.000010 0.538581 0.042896
0.421957 0.084308 0.334992 0.158744
0.423199 0.086273 0.466855 0.023673
0.185428 0.227256 0.587306 0.000010
0.224238 0.062140 0.713611 0.000010
0.172801 0.082344 0.442349 0.302506
0.085270 0.279465 0.635255 0.000010
0.000010 0.000010 0.628231 0.371749
0.056775 0.000010 0.555641 0.387574
0.004008 0.231572 0.764411 0.000010
0.348266 0.070379 0.581344 0.000010
0.280654 0.300066 0.419270 0.000010
0.327983 0.230981 0.441027 0.000010
0.560839 0.140797 0.110787 0.187577
0.673518 0.000010 0.170397 0.156075
0.619568 0.187964 0.192458 0.000010
0.493845 0.245359 0.078328 0.182467
0.833335 0.000010 0.000010 0.166645
0.031717 0.685657 0.000010 0.282615
0.000010 0.999970 0.000010 0.000010
0.677679 0.300978 0.021333 0.000010
0.582642 0.218775 0.145515 0.053068
0.224656 0.468551 0.000010 0.306782
0.571309 0.000010 0.194750 0.233931
0.520492 0.000010 0.000010 0.479488
0.030585 0.969395 0.000010 0.000010
0.075893 0.921348 0.000010 0.002749
0.204843 0.464135 0.020506 0.310516
0.678387 0.000010 0.000010 0.321593
0.000010 0.519412 0.000010 0.480568
0.171105 0.431696 0.000010 0.397189
0.000010 0.638116 0.031308 0.330567
0.000010 0.000010 0.000010 0.999970
0.593153 0.118225 0.115454 0.173168
0.000010 0.000010 0.193127 0.806853
0.394281 0.493784 0.000010 0.111924
0.547753 0.452227 0.000010 0.000010
0.590712 0.246304 0.000010 0.162975
0.116729 0.511009 0.000010 0.372252
0.115517 0.884463 0.000010 0.000010
0.766799 0.000010 0.096706 0.136485
0.000010 0.999970 0.000010 0.000010
0.501761 0.000010 0.000010 0.498219
0.000010 0.000010 0.101083 0.898897
0.791018 0.133709 0.075264 0.000010
0.898757 0.101223 0.000010 0.000010
0.720350 0.000010 0.279630 0.000010
0.182132 0.684876 0.132983 0.000010
0.860885 0.139095 0.000010 0.000010
0.464120 0.303822 0.232048 0.000010
0.469500 0.530480 0.000010 0.000010
0.669830 0.194862 0.135298 0.000010
0.515479 0.086150 0.398361 0.000010
0.424254 0.013698 0.000010 0.562038
0.794163 0.205817 0.000010 0.000010
0.761698 0.138615 0.099677 0.000010
0.634287 0.346989 0.018714 0.000010
0.433815 0.566165 0.000010 0.000010
0.480985 0.399619 0.119386 0.000010
0.826570 0.173410 0.000010 0.000010
0.672892 0.176648 0.000010 0.150450
0.876243 0.123737 0.000010 0.000010
0.608744 0.379118 0.012128 0.000010
0.677099 0.000010 0.000010 0.322881
0.653862 0.261452 0.034407 0.050279
0.622233 0.222407 0.000010 0.155351
0.675706 0.000010 0.163151 0.161133
0.776367 0.000010 0.223613 0.000010
0.772701 0.145598 0.081692 0.000010
0.525911 0.336615 0.137463 0.000010
0.669021 0.161256 0.033284 0.136439
0.575097 0.000010 0.241647 0.183246
0.439298 0.048692 0.000010 0.512000
0.537680 0.101099 0.044571 0.316650
0.885512 0.041378 0.000010 0.073100
0.739176 0.009077 0.116028 0.135719
0.778751 0.000010 0.000010 0.221229
0.658300 0.000010 0.006703 0.334987
0.702908 0.000010 0.062204 0.234878
0.528623 0.113790 0.132890 0.224697
0.488462 0.000010 0.145550 0.365978
0.814155 0.000010 0.185825 0.000010
0.686887 0.000010 0.049658 0.263445
0.778148 0.221832 0.000010 0.000010
0.801928 0.000010 0.000010 0.198052
0.715497 0.271613 0.012880 0.000010
0.527967 0.000010 0.177862 0.294161
0.692077 0.307903 0.000010 0.000010
0.411558 0.588422 0.000010 0.000010
0.784463 0.000010 0.000010 0.215517
0.230919 0.179804 0.556865 0.032412
0.143576 0.121051 0.735363 0.000010
0.353435 0.276053 0.370501 0.000010
0.000010 0.000010 0.769916 0.230064
0.383838 0.000010 0.442566 0.173586
0.201058 0.277250 0.447025 0.074667
0.000010 0.235303 0.764677 0.000010
0.112630 0.213940 0.673420 0.000010
0.197489 0.000010 0.802491 0.000010
0.351375 0.000010 0.590388 0.058227
0.217485 0.000010 0.782495 0.000010
0.000010 0.000010 0.945191 0.054789
0.166901 0.018584 0.713845 0.100670
0.233478 0.025192 0.521157 0.220173
0.000010 0.005299 0.810808 0.183882
0.334792 0.000057 0.607105 0.058046
0.180734 0.162004 0.657252 0.000010
0.200104 0.040003 0.684168 0.075725
0.193674 0.120796 0.685520 0.000010
0.103907 0.000010 0.896073 0.000010
0.140936 0.131579 0.727476 0.000010
0.183321 0.110028 0.706640 0.000010
0.247771 0.254086 0.000010 0.498133
0.515089 0.021645 0.149921 0.313345
0.264241 0.203594 0.532156 0.000010
0.000010 0.000010 0.999970 0.000010
0.127273 0.012082 0.860635 0.000010
0.249747 0.163751 0.586492 0.000010
0.146548 0.246016 0.537966 0.069470
0.000010 0.342564 0.657416 0.000010
0.152497 0.121937 0.725555 0.000010
0.262074 0.014383 0.723532 0.000010
0.356324 0.000010 0.523112 0.120554
0.324868 0.000010 0.565355 0.109766
0.053318 0.000010 0.769534 0.177138
0.343960 0.015904 0.538647 0.101488
0.108680 0.395692 0.495618 0.000010
0.000010 0.337078 0.662902 0.000010
0.221535 0.116554 0.661900 0.000010
0.044054 0.236480 0.719457 0.000010
0.040583 0.000010 0.872496 0.086911
0.306510 0.000010 0.693470 0.000010
0.248844 0.000010 0.751136 0.000010
0.000010 0.639462 0.162414 0.198114
0.216342 0.166791 0.616857 0.000010
0.141405 0.289958 0.568627 0.000010
0.000010 0.335345 0.664635 0.000010
0.000010 0.324408 0.516102 0.159479
0.392089 0.000010 0.607891 0.000010
0.159203 0.025865 0.497660 0.317271
0.276226 0.000570 0.357188 0.366017
0.462015 0.000010 0.197426 0.340549
0.265771 0.428130 0.131137 0.174962
0.518731 0.348152 0.133108 0.000010
0.059188 0.621431 0.085746 0.233634
0.347439 0.366537 0.117810 0.168214
0.442773 0.000010 0.321951 0.235266
0.535417 0.145260 0.319313 0.000010
0.000010 0.612822 0.061571 0.325597
0.000010 0.338540 0.042888 0.618562
0.106114 0.160036 0.297784 0.436066
0.000010 0.000010 0.000010 0.999970
0.091509 0.236117 0.000010 0.672364
0.565319 0.000010 0.226316 0.208356
0.000010 0.269232 0.000010 0.730748
0.459640 0.043822 0.278440 0.218098
0.066036 0.491918 0.000010 0.442036
0.000010 0.403548 0.000010 0.596432
0.000010 0.145455 0.854525 0.000010
0.225173 0.000010 0.495910 0.278906
0.062112 0.000010 0.758242 0.179635
0.000010 0.132582 0.663597 0.203811
0.421513 0.018581 0.559896 0.000010
0.000010 0.000010 0.716862 0.283118
0.132247 0.139990 0.587695 0.140067
0.298612 0.053035 0.624315 0.024039
0.000010 0.000010 0.703993 0.295987
0.165253 0.062750 0.749075 0.022923
0.022069 0.281070 0.696850 0.000010
0.012133 0.000010 0.742369 0.245487
0.218177 0.000316 0.568443 0.213064
0.000010 0.000010 0.870971 0.129009
0.195956 0.000010 0.739646 0.064388
0.377477 0.000010 0.515875 0.106638
0.249586 0.704399 0.046005 0.000010
0.047492 0.000010 0.000010 0.952488
0.000010 0.884023 0.000010 0.115957
0.000010 0.659096 0.023329 0.317564
0.000010 0.597431 0.000010 0.402549
0.000010 0.274426 0.201869 0.523695
0.000010 0.615465 0.000010 0.384515
0.000010 0.460138 0.084549 0.455303
0.000010 0.810179 0.189801 0.000010
0.000010 0.381471 0.076428 0.542091
0.000010 0.508017 0.000010 0.491963
0.257245 0.433879 0.000010 0.308866
0.000010 0.792939 0.018403 0.188648
0.000010 0.720960 0.000010 0.279020
0.192287 0.807693 0.000010 0.000010
0.860834 0.000010 0.058421 0.080735
0.625621 0.000010 0.033032 0.341337
0.655739 0.170311 0.000010 0.173940
0.664907 0.335073 0.000010 0.000010
0.457850 0.542130 0.000010 0.000010
0.550784 0.146656 0.000010 0.302551
0.425746 0.000010 0.000010 0.574234
0.956646 0.043334 0.000010 0.000010
0.749424 0.250556 0.000010 0.000010
0.370349 0.006487 0.315812 0.307352
0.373352 0.257554 0.369084 0.000010
0.999970 0.000010 0.000010 0.000010
0.816079 0.183901 0.000010 0.000010
0.800875 0.000010 0.000010 0.199105
0.753039 0.246941 0.000010 0.000010
0.597665 0.193821 0.000010 0.208503
0.000010 0.282343 0.149488 0.568158
0.573724 0.216878 0.169658 0.039740
0.000010 0.162973 0.131971 0.705046
0.000010 0.346070 0.000010 0.653910
0.000010 0.539029 0.189532 0.271428
0.000010 0.000010 0.000010 0.999970
0.017888 0.626314 0.186888 0.168911
0.000010 0.629657 0.000010 0.370323
0.207385 0.425016 0.100709 0.266890
0.114508 0.186707 0.000010 0.698775
0.497977 0.000010 0.050887 0.451125
0.081020 0.553927 0.000010 0.365043
0.000010 0.664142 0.083887 0.251961
0.000010 0.973917 0.026063 0.000010
0.000010 0.359400 0.000010 0.640580
0.173776 0.213814 0.029107 0.583303
0.363315 0.351110 0.088378 0.197196
0.888849 0.111131 0.000010 0.000010
0.000010 0.000010 0.000010 0.999970
0.661667 0.000010 0.245589 0.092735
0.000010 0.999970 0.000010 0.000010
0.137178 0.266583 0.000010 0.596228
0.098664 0.901316 0.000010 0.000010
0.349018 0.650962 0.000010 0.000010
0.463513 0.280197 0.163729 0.092561
0.000010 0.649327 0.000010 0.350653
0.000010 0.999970 0.000010 0.000010
0.000010 0.996848 0.003132 0.000010
0.283067 0.633550 0.000010 0.083373
0.000010 0.999970 0.000010 0.000010
0.000010 0.689604 0.000010 0.310376
0.000010 0.393452 0.168018 0.438520
0.000010 0.000010 0.155331 0.844649
0.000010 0.000010 0.000010 0.999970
0.294551 0.041354 0.000010 0.664084
0.000010 0.000010 0.000010 0.999970
0.000010 0.212958 0.100080 0.686952
0.000010 0.281604 0.189062 0.529323
0.000010 0.999970 0.000010 0.000010
0.000010 0.570567 0.000010 0.429413
0.000010 0.999970 0.000010 0.000010
0.000010 0.933214 0.066766 0.000010
0.080265 0.313841 0.229788 0.376106
0.000010 0.916189 0.000010 0.083791
0.000010 0.833052 0.166928 0.000010
0.000010 0.999970 0.000010 0.000010
0.187408 0.521967 0.048530 0.242095
0.411627 0.383963 0.111775 0.092636
0.068974 0.931006 0.000010 0.000010
0.000010 0.999970 0.000010 0.000010
0.000010 0.516446 0.000010 0.483534
0.000010 0.999970 0.000010 0.000010
0.006323 0.511997 0.132153 0.349527
0.000010 0.641707 0.082301 0.275982
0.606661 0.240958 0.000010 0.152371
0.633391 0.366589 0.000010 0.000010
0.551935 0.155440 0.124389 0.168235
0.773321 0.226659 0.000010 0.000010
0.015297 0.497021 0.180608 0.307074
0.000010 0.999970 0.000010 0.000010
0.044765 0.000010 0.385360 0.569865
0.548841 0.312887 0.000010 0.138262
0.520125 0.000010 0.000010 0.479855
0.408381 0.321199 0.170015 0.100405
0.734792 0.075944 0.000010 0.189254
0.590817 0.169714 0.110257 0.129212
0.315989 0.387783 0.113838 0.182390
0.000010 0.447458 0.148898 0.403634
0.999970 0.000010 0.000010 0.000010
0.655378 0.000010 0.000010 0.344602
0.000010 0.127735 0.738703 0.133553
0.224771 0.221144 0.510812 0.043273
0.000010 0.176453 0.823527 0.000010
0.433554 0.000010 0.566426 0.000010
0.133194 0.000010 0.866786 0.000010
0.085374 0.000010 0.668300 0.246316
0.000010 0.114940 0.885040 0.000010
0.000010 0.000010 0.999970 0.000010
0.000010 0.000010 0.739594 0.260386
0.000010 0.305815 0.694165 0.000010
0.000010 0.000010 0.833931 0.166049
0.392034 0.000010 0.607946 0.000010
0.000010 0.000010 0.999970 0.000010
0.000010 0.000010 0.744230 0.255750
0.000010 0.000010 0.999970 0.000010
0.000010 0.140721 0.681340 0.177929
0.693921 0.000010 0.087542 0.218527
0.829466 0.170514 0.000010 0.000010
0.383588 0.000010 0.111341 0.505061
0.780588 0.172896 0.046506 0.000010
0.378220 0.234691 0.182237 0.204853
0.000010 0.999970 0.000010 0.000010
0.673725 0.013643 0.084622 0.228011
0.000010 0.999970 0.000010 0.000010
0.000010 0.445461 0.000010 0.554519
0.000010 0.000010 0.000010 0.999970
0.175678 0.267530 0.000010 0.556782
0.344749 0.000010 0.238017 0.417224
0.224691 0.672890 0.102409 0.000010
0.000010 0.594251 0.097659 0.308080
0.730463 0.000010 0.154543 0.114984
0.747021 0.052518 0.200451 0.000010
0.000010 0.343714 0.022917 0.633359
0.491086 0.000010 0.105737 0.403167
0.000010 0.392106 0.000010 0.607874
0.227600 0.463919 0.126880 0.181601
0.289171 0.158963 0.000010 0.551856
0.000010 0.269673 0.115645 0.614673
0.000010 0.718720 0.097827 0.183443
0.415379 0.000010 0.288887 0.295725
0.000010 0.549863 0.106586 0.343541
0.120155 0.573866 0.039347 0.266631
0.000010 0.000010 0.000010 0.999970
0.363015 0.521926 0.115049 0.000010
0.000010 0.000010 0.000010 0.999970
0.023660 0.346356 0.131841 0.498143
0.000010 0.999970 0.000010 0.000010
0.450117 0.000010 0.172725 0.377148
0.029311 0.180937 0.157906 0.631846
0.000010 0.496288 0.251943 0.251759
0.719949 0.000010 0.000010 0.280031
0.762321 0.050422 0.092665 0.094592
0.000010 0.646223 0.060697 0.293070
0.463149 0.332091 0.000010 0.204750
0.309589 0.420040 0.000010 0.270361
0.000010 0.890633 0.109347 0.000010
0.408890 0.184104 0.031343 0.375663
0.000010 0.691390 0.000010 0.308590
0.343917 0.656063 0.000010 0.000010
0.000010 0.544820 0.047454 0.407716
0.000010 0.367497 0.166292 0.466201
0.367737 0.000010 0.316870 0.315384
0.219693 0.000010 0.183162 0.597134
0.000010 0.999970 0.000010 0.000010
0.000010 0.522528 0.119271 0.358191
0.565348 0.066718 0.111992 0.255942
0.705834 0.294146 0.000010 0.000010
0.141639 0.000010 0.193203 0.665148
0.738791 0.161640 0.099558 0.000010
0.712397 0.287583 0.000010 0.000010
0.999970 0.000010 0.000010 0.000010
0.552005 0.128016 0.000010 0.319969
0.999970 0.000010 0.000010 0.000010
0.579202 0.420778 0.000010 0.000010
0.690765 0.309215 0.000010 0.000010
0.847505 0.152475 0.000010 0.000010
0.378229 0.000010 0.000010 0.621751
0.469870 0.530110 0.000010 0.000010
0.332538 0.667442 0.000010 0.000010
0.801715 0.198265 0.000010 0.000010
0.659824 0.000010 0.184808 0.155358
0.999970 0.000010 0.000010 0.000010
