0.121911 0.197378 0.680710
0.178004 0.016724 0.805272
0.061791 0.000010 0.938199
0.353966 0.186110 0.459924
0.126517 0.000010 0.873473
0.000010 0.000010 0.999980
0.000010 0.000010 0.999980
0.274528 0.148171 0.577301
0.140191 0.069663 0.790146
0.081699 0.182937 0.735364
0.014589 0.289763 0.695648
0.198097 0.175558 0.626345
0.115383 0.000010 0.884607
0.200263 0.063206 0.736531
0.154746 0.181787 0.663467
0.188410 0.061221 0.750369
0.945576 0.000010 0.054414
0.853665 0.146325 0.000010
0.585500 0.000010 0.414490
0.433559 0.032245 0.534196
0.529703 0.000010 0.470287
0.676872 0.099482 0.223646
0.796355 0.000010 0.203635
0.489323 0.177979 0.332698
0.747564 0.053121 0.199314
0.654183 0.179754 0.166063
0.604133 0.194853 0.201014
0.861923 0.081773 0.056304
0.722332 0.029525 0.248143
0.527592 0.146289 0.326120
0.544146 0.032768 0.423086
0.162351 0.189470 0.648179
0.213101 0.000010 0.786889
0.158679 0.101013 0.740308
0.094599 0.284758 0.620643
0.000010 0.000010 0.999980
0.000010 0.728936 0.271054
0.087800 0.781607 0.130593
0.203125 0.000010 0.796865
0.222338 0.104934 0.672729
0.000010 0.614950 0.385040
0.270994 0.000010 0.728996
0.000010 0.256146 0.743844
0.000010 0.866772 0.133218
0.000010 0.814809 0.185181
0.079308 0.625654 0.295037
0.000010 0.112217 0.887773
0.013287 0.778482 0.208231
0.000010 0.616492 0.383498
0.088718 0.911272 0.000010
0.000010 0.825820 0.174170
0.147286 0.185652 0.667062
0.251184 0.748806 0.000010
0.000010 0.453980 0.546010
0.016983 0.220170 0.762847
0.000010 0.162218 0.837772
0.000010 0.712256 0.287734
0.000010 0.671059 0.328931
0.157669 0.000010 0.842321
0.000010 0.999980 0.000010
0.055079 0.245071 0.699851
0.355113 0.621861 0.023026
0.067642 0.000010 0.932348
0.000010 0.090443 0.909547
0.382744 0.000010 0.617246
0.000010 0.491251 0.508739
0.000010 0.117779 0.882211
0.405617 0.000010 0.594373
0.000010 0.353719 0.646271
0.182953 0.000010 0.817037
0.409079 0.000010 0.590911
0.000010 0.363416 0.636574
0.105352 0.000010 0.894638
0.299893 0.000010 0.700097
0.065681 0.199344 0.734975
0.026146 0.275270 0.698584
0.147778 0.193253 0.658969
0.000010 0.000010 0.999980
0.000010 0.141645 0.858345
0.000010 0.000010 0.999980
0.100954 0.202463 0.696584
0.000010 0.149640 0.850350
0.092673 0.199147 0.708181
0.000010 0.275713 0.724277
0.231062 0.000010 0.768928
0.241964 0.000010 0.758026
0.157197 0.053661 0.789142
0.202361 0.160250 0.637389
0.078349 0.056000 0.865651
0.346208 0.000010 0.653782
0.034485 0.333043 0.632472
0.102402 0.244614 0.652984
0.000010 0.000010 0.999980
0.101192 0.000010 0.898798
0.000010 0.000010 0.999980
0.040776 0.011637 0.947587
0.125561 0.000010 0.874429
0.194885 0.152350 0.652765
0.171851 0.107199 0.720949
0.222660 0.000010 0.777330
0.086136 0.000010 0.913854
0.074396 0.000010 0.925594
0.000010 0.000010 0.999980
0.020849 0.005720 0.973431
0.265306 0.000010 0.734684
0.055459 0.100577 0.843965
0.000010 0.214697 0.785293
0.000010 0.000010 0.999980
0.599919 0.105105 0.294976
0.894218 0.051051 0.054731
0.443159 0.084214 0.472627
0.817847 0.182143 0.000010
0.524582 0.093521 0.381897
0.486241 0.164034 0.349725
0.879496 0.120494 0.000010
0.759934 0.096200 0.143866
0.845865 0.000010 0.154125
0.643002 0.000010 0.356988
0.823502 0.000010 0.176488
0.999980 0.000010 0.000010
0.757821 0.078692 0.163488
0.559328 0.150191 0.290481
0.831037 0.168953 0.000010
0.678491 0.000010 0.321499
0.747299 0.105373 0.147329
0.777599 0.000010 0.222391
0.778779 0.000010 0.221211
0.999980 0.000010 0.000010
0.950993 0.000010 0.048997
0.873450 0.000010 0.126540
0.000010 0.571832 0.428158
0.170623 0.158934 0.670443
0.588318 0.078515 0.333167
0.999980 0.000010 0.000010
0.999980 0.000010 0.000010
0.649398 0.134063 0.216539
0.577159 0.261604 0.161237
0.648750 0.257218 0.094032
0.971779 0.000010 0.028211
0.762381 0.000010 0.237609
0.584637 0.030323 0.385040
0.632345 0.051305 0.316350
0.878103 0.074678 0.047220
0.582007 0.084363 0.333630
0.636490 0.232944 0.130566
0.729330 0.270660 0.000010
0.702290 0.054783 0.242927
0.761112 0.095150 0.143738
0.999980 0.000010 0.000010
0.770748 0.000010 0.229242
0.770287 0.000010 0.229703
0.192737 0.785583 0.021680
0.717087 0.066025 0.216888
0.630956 0.150397 0.218646
0.761627 0.123700 0.114673
0.633841 0.366149 0.000010
0.666585 0.000010 0.333405
0.533341 0.270912 0.195747
0.376036 0.242469 0.381495
0.215072 0.207315 0.577613
0.158663 0.405640 0.435696
0.206924 0.179504 0.613572
0.112687 0.585767 0.301546
0.172739 0.381946 0.445315
0.394921 0.047954 0.557125
0.425752 0.009541 0.564708
0.049460 0.775110 0.175430
0.146975 0.853015 0.000010
0.365841 0.540850 0.093309
0.028312 0.714794 0.256895
0.000010 0.752545 0.247445
0.255503 0.153816 0.590681
0.000010 0.999980 0.000010
0.298998 0.115890 0.585111
0.004838 0.770121 0.225041
0.000010 0.746254 0.253736
0.999980 0.000010 0.000010
0.519857 0.137452 0.342692
0.916715 0.006947 0.076338
0.713156 0.286834 0.000010
0.587944 0.000010 0.412046
0.859893 0.140097 0.000010
0.664329 0.143679 0.191991
0.657969 0.000010 0.342021
0.782880 0.217110 0.000010
0.823197 0.000010 0.176793
0.727855 0.181261 0.090885
0.847652 0.152338 0.000010
0.607293 0.131643 0.261064
0.999980 0.000010 0.000010
0.791645 0.000010 0.208345
0.591547 0.000010 0.408443
0.093322 0.556069 0.350610
0.181184 0.519322 0.299494
0.000010 0.999980 0.000010
0.033819 0.966171 0.000010
0.018206 0.894061 0.087733
0.213416 0.786574 0.000010
0.000010 0.999980 0.000010
0.161526 0.838464 0.000010
0.333176 0.666814 0.000010
0.162904 0.837086 0.000010
0.000010 0.999980 0.000010
0.000010 0.585599 0.414391
0.122928 0.877062 0.000010
0.000010 0.999980 0.000010
0.000010 0.766230 0.233760
0.076386 0.000010 0.923604
0.154808 0.170475 0.674717
0.000010 0.170569 0.829421
0.000010 0.197380 0.802610
0.000010 0.439066 0.560924
0.000010 0.199561 0.800429
0.000010 0.000010 0.999980
0.000010 0.000010 0.999980
0.034153 0.000010 0.965837
0.361078 0.253866 0.385056
0.361427 0.226084 0.412490
0.000010 0.000010 0.999980
0.000010 0.000010 0.999980
0.000010 0.000010 0.999980
0.000010 0.155565 0.844425
0.000010 0.313798 0.686192
0.155022 0.711115 0.133863
0.210749 0.084589 0.704661
0.130950 0.746025 0.123025
0.158211 0.813159 0.028629
0.266934 0.733056 0.000010
0.000010 0.719170 0.280820
0.248088 0.701886 0.050025
0.033709 0.966281 0.000010
0.129599 0.585801 0.284600
0.000010 0.686096 0.313894
0.132605 0.240193 0.627202
0.000010 0.843366 0.156624
0.089354 0.847031 0.063615
0.076413 0.766138 0.157449
0.000010 0.828371 0.171619
0.067035 0.603262 0.329704
0.147631 0.509485 0.342884
0.000010 0.000010 0.999980
0.020564 0.730798 0.248637
0.294979 0.000010 0.705011
0.108264 0.891726 0.000010
0.000010 0.765792 0.234198
0.000010 0.740370 0.259620
0.000010 0.461924 0.538066
0.220437 0.225755 0.553808
0.000010 0.999980 0.000010
0.000010 0.999980 0.000010
0.111165 0.888825 0.000010
0.000010 0.595698 0.404292
0.096656 0.761630 0.141715
0.000010 0.895023 0.104967
0.243295 0.756695 0.000010
0.150575 0.653174 0.196251
0.081287 0.625448 0.293265
0.000010 0.474805 0.525185
0.053532 0.769743 0.176726
0.099049 0.752364 0.148586
0.222653 0.777337 0.000010
0.000010 0.994902 0.005088
0.062683 0.857104 0.080213
0.161844 0.838146 0.000010
0.069120 0.756818 0.174062
0.288596 0.513504 0.197900
0.000010 0.999980 0.000010
0.155615 0.804617 0.039768
0.000010 0.999980 0.000010
0.075886 0.596670 0.327445
0.208906 0.341306 0.449788
0.000010 0.963090 0.036900
0.000010 0.858375 0.141615
0.000010 0.884085 0.115905
0.000010 0.999980 0.000010
0.226054 0.725977 0.047969
0.043188 0.816265 0.140547
0.020436 0.178086 0.801478
0.000010 0.066486 0.933504
0.225274 0.090489 0.684237
0.016110 0.131527 0.852364
0.216582 0.706425 0.076993
0.000010 0.707439 0.292551
0.485929 0.293372 0.220699
0.000010 0.314510 0.685480
0.042592 0.241947 0.715460
0.227162 0.244604 0.528235
0.000010 0.000010 0.999980
0.161154 0.117090 0.721756
0.144600 0.431982 0.423418
0.243969 0.756021 0.000010
0.000010 0.000010 0.999980
0.093217 0.031088 0.875695
0.864621 0.135369 0.000010
0.610366 0.071468 0.318167
0.965957 0.034033 0.000010
0.619262 0.000010 0.380728
0.959129 0.000010 0.040861
0.759374 0.115274 0.125352
0.953502 0.046488 0.000010
0.999980 0.000010 0.000010
0.791993 0.207997 0.000010
0.817799 0.182191 0.000010
0.925119 0.000010 0.074871
0.687149 0.000010 0.312841
0.999980 0.000010 0.000010
0.948673 0.051317 0.000010
0.999980 0.000010 0.000010
0.850451 0.149539 0.000010
0.146324 0.056816 0.796860
0.116961 0.076225 0.806814
0.075441 0.305491 0.619068
0.097169 0.000010 0.902821
0.231735 0.318494 0.449771
0.000010 0.999980 0.000010
0.120999 0.043400 0.835601
0.000010 0.943770 0.056220
0.000010 0.999980 0.000010
0.000010 0.934170 0.065820
0.000010 0.576469 0.423521
0.260946 0.332719 0.406335
0.138715 0.528179 0.333106
0.143851 0.856139 0.000010
0.231863 0.000010 0.768127
0.175083 0.000010 0.824907
0.077733 0.922257 0.000010
0.179271 0.232249 0.588480
0.039486 0.920179 0.040335
0.174895 0.472952 0.352153
0.051524 0.532203 0.416273
0.202155 0.782987 0.014859
0.133231 0.813365 0.053404
0.323612 0.118946 0.557442
0.104538 0.760515 0.134948
0.112780 0.660943 0.226277
0.000010 0.999980 0.000010
0.202445 0.320082 0.477473
0.000010 0.999980 0.000010
0.123341 0.669058 0.207601
0.000010 0.999980 0.000010
0.183160 0.126791 0.690049
0.202151 0.607280 0.190568
0.256558 0.743432 0.000010
0.000010 0.021870 0.978120
0.127497 0.000010 0.872493
0.107453 0.892537 0.000010
0.000010 0.350012 0.649978
0.000010 0.580594 0.419396
0.184494 0.815496 0.000010
0.100612 0.330668 0.568720
0.000010 0.999980 0.000010
0.122486 0.506511 0.371003
0.178826 0.821164 0.000010
0.204469 0.772827 0.022704
0.368472 0.233224 0.398304
0.244476 0.332597 0.422927
0.000010 0.999980 0.000010
0.189382 0.810608 0.000010
0.179276 0.212868 0.607856
0.000010 0.102299 0.897691
0.242229 0.331388 0.426383
0.164788 0.000010 0.835202
0.000010 0.150833 0.849157
0.000010 0.000010 0.999980
0.000010 0.274384 0.725606
0.000010 0.000010 0.999980
0.000010 0.018453 0.981537
0.097437 0.093147 0.809416
0.000010 0.003303 0.996687
0.000010 0.314972 0.685018
0.000010 0.305547 0.694443
0.000010 0.347236 0.652754
0.087097 0.046976 0.865927
0.228450 0.000010 0.771540
0.000010 0.000010 0.999980
