0.000029  0.000029  0.999943
0.000029  0.000029  0.999942
0.000027  0.002788  0.997185
0.132544  0.027025  0.840431
0.000033  0.000034  0.999933
0.000027  0.000027  0.999946
0.000037  0.000037  0.999925
0.000036  0.017150  0.982814
0.000028  0.043242  0.956730
0.000035  0.000035  0.999931
0.000027  0.000027  0.999945
0.000027  0.000022  0.999951
0.000030  0.000023  0.999947
0.000028  0.062297  0.937675
0.000028  0.000028  0.999945
0.000028  0.000022  0.999951
0.000031  0.999937  0.000031
0.000036  0.999928  0.000036
0.000031  0.840316  0.159653
0.000033  0.707817  0.292150
0.019921  0.800164  0.179915
0.000057  0.999886  0.000057
0.000033  0.784687  0.215281
0.000029  0.768451  0.231520
0.000030  0.999940  0.000030
0.000030  0.999941  0.000030
0.000029  0.999942  0.000029
0.128839  0.871133  0.000028
0.091333  0.908639  0.000027
0.000022  0.639971  0.360007
0.126517  0.873450  0.000033
0.096895  0.000292  0.902813
0.006886  0.000030  0.993083
0.000022  0.000028  0.999950
0.217895  0.000028  0.782077
0.000032  0.000032  0.999937
0.999945  0.000027  0.000027
0.959314  0.000035  0.040652
0.000036  0.000029  0.999935
0.000028  0.000028  0.999944
0.959859  0.000027  0.040114
0.000039  0.027795  0.972166
0.127319  0.000029  0.872652
0.999951  0.000022  0.000027
0.999943  0.000028  0.000028
0.999946  0.000027  0.000027
0.096729  0.000030  0.903240
0.999937  0.000031  0.000031
0.999946  0.000027  0.000027
0.999937  0.000032  0.000032
0.999923  0.000038  0.000038
0.000028  0.000028  0.999944
0.999945  0.000027  0.000027
0.898105  0.000030  0.101864
0.186555  0.000028  0.813417
0.000031  0.000031  0.999938
0.999943  0.000028  0.000029
0.999945  0.000027  0.000027
0.000030  0.000030  0.999940
0.999944  0.000028  0.000028
0.000026  0.000032  0.999942
0.999927  0.000037  0.000037
0.000029  0.000029  0.999942
0.000081  0.000081  0.999838
0.048556  0.000087  0.951357
0.000061  0.000078  0.999860
0.000187  0.000187  0.999626
0.000183  0.999634  0.000184
0.000094  0.000094  0.999813
0.000087  0.000087  0.999826
0.000065  0.000065  0.999870
0.000047  0.000047  0.999905
0.000059  0.000059  0.999882
0.000136  0.000136  0.999727
0.014860  0.000058  0.985083
0.540066  0.459855  0.000080
0.000038  0.000038  0.999925
0.000029  0.000029  0.999942
0.000030  0.000030  0.999940
0.000031  0.000031  0.999937
0.000027  0.000027  0.999945
0.000028  0.000028  0.999943
0.000028  0.000022  0.999950
0.000035  0.000035  0.999930
0.000028  0.000028  0.999944
0.000027  0.000959  0.999014
0.000027  0.000027  0.999946
0.000027  0.000027  0.999945
0.000029  0.000022  0.999949
0.000027  0.000027  0.999946
0.000027  0.000027  0.999945
0.000028  0.000028  0.999944
0.000027  0.000027  0.999945
0.000030  0.000030  0.999941
0.000027  0.000027  0.999945
0.000028  0.000028  0.999944
0.000027  0.000027  0.999945
0.000027  0.033385  0.966588
0.000027  0.000027  0.999945
0.000027  0.000027  0.999945
0.000040  0.000040  0.999920
0.000027  0.000027  0.999946
0.000027  0.000027  0.999946
0.000028  0.000028  0.999945
0.000027  0.000027  0.999945
0.000028  0.019767  0.980205
0.000030  0.000030  0.999940
0.000027  0.000027  0.999945
0.000032  0.999936  0.000032
0.000029  0.999942  0.000029
0.000027  0.999945  0.000027
0.000028  0.999944  0.000028
0.000028  0.999944  0.000028
0.037275  0.798109  0.164616
0.000027  0.999945  0.000027
0.040038  0.959934  0.000028
0.000030  0.999941  0.000030
0.000027  0.999945  0.000027
0.000028  0.999944  0.000028
0.000029  0.999942  0.000029
0.000027  0.999946  0.000027
0.000029  0.999942  0.000029
0.008490  0.991483  0.000028
0.000027  0.989068  0.010905
0.000025  0.889520  0.110455
0.000029  0.999941  0.000029
0.000028  0.983911  0.016060
0.000027  0.999945  0.000027
0.000028  0.999944  0.000028
0.000032  0.999937  0.000032
0.909841  0.000029  0.090131
0.105827  0.017321  0.876852
0.000028  0.999945  0.000028
0.000037  0.999926  0.000037
0.000042  0.999916  0.000042
0.000027  0.999946  0.000027
0.000035  0.999930  0.000035
0.000026  0.999941  0.000033
0.000039  0.999922  0.000039
0.000031  0.999938  0.000031
0.000022  0.999949  0.000029
0.000027  0.999946  0.000027
0.000030  0.999940  0.000030
0.000028  0.860499  0.139473
0.000078  0.756757  0.243165
0.000027  0.999946  0.000027
0.000050  0.789057  0.210893
0.000029  0.999943  0.000029
0.000030  0.999939  0.000030
0.000030  0.999941  0.000030
0.000027  0.999945  0.000027
0.756748  0.243219  0.000033
0.000027  0.999946  0.000027
0.000028  0.999943  0.000028
0.000029  0.999941  0.000029
0.082657  0.917307  0.000036
0.000048  0.770074  0.229878
0.174567  0.825401  0.000032
0.000028  0.115932  0.884040
0.067334  0.073517  0.859150
0.005921  0.115174  0.878905
0.000029  0.097871  0.902100
0.999935  0.000032  0.000032
0.000028  0.000022  0.999950
0.000029  0.075896  0.924074
0.000043  0.083752  0.916205
0.854329  0.000030  0.145641
0.999944  0.000028  0.000028
0.863390  0.136576  0.000034
0.958904  0.000027  0.041069
0.724213  0.004218  0.271569
0.000028  0.157183  0.842789
0.999938  0.000031  0.000031
0.000027  0.169759  0.830214
0.748948  0.081482  0.169570
0.999937  0.000031  0.000031
0.000028  0.999944  0.000028
0.000032  0.999936  0.000032
0.000027  0.999945  0.000027
0.132662  0.867309  0.000030
0.000038  0.999924  0.000038
0.000028  0.999944  0.000028
0.000030  0.999939  0.000030
0.000027  0.741813  0.258160
0.000033  0.999933  0.000033
0.000027  0.999945  0.000027
0.000036  0.999929  0.000036
0.000023  0.843540  0.156437
0.000028  0.893513  0.106459
0.000029  0.999943  0.000029
0.000027  0.999945  0.000027
0.000029  0.999942  0.000029
0.999945  0.000028  0.000028
0.999617  0.000191  0.000192
0.999770  0.000115  0.000115
0.999893  0.000054  0.000054
0.999914  0.000043  0.000043
0.999878  0.000061  0.000061
0.999884  0.000058  0.000058
0.999890  0.000055  0.000055
0.999884  0.000058  0.000058
0.999862  0.000069  0.000069
0.999852  0.000074  0.000074
0.999890  0.000055  0.000055
0.999873  0.000063  0.000064
0.999888  0.000056  0.000056
0.798752  0.000053  0.201194
0.000070  0.000070  0.999859
0.000056  0.000056  0.999887
0.627894  0.372030  0.000076
0.000046  0.000046  0.999908
0.000080  0.000080  0.999839
0.000063  0.000063  0.999873
0.000073  0.000073  0.999853
0.000056  0.000056  0.999888
0.000058  0.000058  0.999884
0.000063  0.000063  0.999874
0.057344  0.000068  0.942588
0.000070  0.000070  0.999860
0.000073  0.000073  0.999853
0.000086  0.000085  0.999829
0.000075  0.000075  0.999850
0.071656  0.025200  0.903144
0.999943  0.000028  0.000029
0.000030  0.134367  0.865603
0.999926  0.000037  0.000037
0.999945  0.000028  0.000028
0.999949  0.000022  0.000029
0.999923  0.000038  0.000039
0.999942  0.000029  0.000029
0.999915  0.000042  0.000042
0.787894  0.000035  0.212071
0.922975  0.016093  0.060932
0.165039  0.000036  0.834924
0.999947  0.000030  0.000023
0.999860  0.000062  0.000079
0.999911  0.000044  0.000044
0.999929  0.000036  0.000036
0.777867  0.000027  0.222106
0.912722  0.000034  0.087244
0.000035  0.000035  0.999931
0.999794  0.000103  0.000103
0.000028  0.000028  0.999944
0.999888  0.000056  0.000056
0.794889  0.000027  0.205083
0.820217  0.000085  0.179698
0.999739  0.000131  0.000131
0.000032  0.323999  0.675969
0.999900  0.000050  0.000050
0.999852  0.000074  0.000074
0.999886  0.000057  0.000057
0.000078  0.000078  0.999844
0.999841  0.000079  0.000079
0.908415  0.000029  0.091556
0.999944  0.000028  0.000028
0.922949  0.077023  0.000028
0.952939  0.047032  0.000029
0.844419  0.018100  0.137480
0.940997  0.038935  0.020068
0.910893  0.000045  0.089063
0.802145  0.155707  0.042148
0.999896  0.000052  0.000052
0.999943  0.000029  0.000029
0.999945  0.000027  0.000027
0.999944  0.000028  0.000028
0.832345  0.000038  0.167617
0.999775  0.000113  0.000113
0.999944  0.000028  0.000028
0.999845  0.000078  0.000078
0.999951  0.000021  0.000027
0.146098  0.000031  0.853871
0.999824  0.000088  0.000088
0.999869  0.000065  0.000065
0.999941  0.000030  0.000030
0.999854  0.000073  0.000073
0.999944  0.000031  0.000024
0.999834  0.000083  0.000083
0.072984  0.000037  0.926979
0.000027  0.000027  0.999945
0.000033  0.008080  0.991888
0.000041  0.000041  0.999919
0.772276  0.000028  0.227696
0.878395  0.000030  0.121575
0.160824  0.018162  0.821014
0.144050  0.000028  0.855922
0.006369  0.108484  0.885147
0.046042  0.008206  0.945752
0.000031  0.000031  0.999939
0.000028  0.000028  0.999944
0.695402  0.000030  0.304568
0.918629  0.000027  0.081344
0.000041  0.000041  0.999919
0.024350  0.000029  0.975621
0.000022  0.999949  0.000028
0.000038  0.999923  0.000038
0.000037  0.986893  0.013070
0.000027  0.999945  0.000027
0.000028  0.999944  0.000028
0.000031  0.999939  0.000031
0.000027  0.999946  0.000027
0.000033  0.999934  0.000033
0.067549  0.932422  0.000029
0.000028  0.999943  0.000028
0.000042  0.999916  0.000042
0.000033  0.999934  0.000033
0.000029  0.999943  0.000029
0.000036  0.999928  0.000036
0.000033  0.999935  0.000033
0.000027  0.999945  0.000027
0.000033  0.000033  0.999934
0.000034  0.000034  0.999933
0.017893  0.000028  0.982079
0.000038  0.000030  0.999933
0.155457  0.083733  0.760810
0.999919  0.000040  0.000040
0.000028  0.031185  0.968787
0.865699  0.000050  0.134251
0.999945  0.000027  0.000027
0.953438  0.000036  0.046527
0.935634  0.000051  0.064315
0.168992  0.000027  0.830981
0.912299  0.087670  0.000032
0.999941  0.000030  0.000030
0.000027  0.000027  0.999945
0.000033  0.001581  0.998386
0.999902  0.000049  0.000049
0.182396  0.000030  0.817574
0.999952  0.000021  0.000027
0.807785  0.003460  0.188755
0.876320  0.000029  0.123651
0.999849  0.000076  0.000076
0.999945  0.000027  0.000027
0.000032  0.000032  0.999936
0.846959  0.153012  0.000029
0.999946  0.000027  0.000027
0.999919  0.000041  0.000041
0.000045  0.000035  0.999920
0.999913  0.000043  0.000044
0.999945  0.000028  0.000028
0.999863  0.000069  0.000069
0.000027  0.000027  0.999946
0.797691  0.000029  0.202281
0.999880  0.000060  0.000060
0.000027  0.000027  0.999946
0.039053  0.040397  0.920551
0.999893  0.000053  0.000053
0.000039  0.000039  0.999922
0.999905  0.000048  0.000048
0.999945  0.000027  0.000027
0.010006  0.000028  0.989966
0.999882  0.000059  0.000059
0.999879  0.000061  0.000060
0.999847  0.000077  0.000077
0.950483  0.000028  0.049489
0.000027  0.018913  0.981060
0.000029  0.041707  0.958265
0.999852  0.000074  0.000074
0.993645  0.000029  0.006326
0.240116  0.000030  0.759854
0.000146  0.000114  0.999740
0.000057  0.000057  0.999887
0.000048  0.000048  0.999903
0.000103  0.000103  0.999795
0.000256  0.000256  0.999487
0.000059  0.000059  0.999882
0.000072  0.000072  0.999856
0.064391  0.000054  0.935555
0.000059  0.000059  0.999882
0.000084  0.000084  0.999833
0.000059  0.000059  0.999883
0.104822  0.000057  0.895121
0.000088  0.000088  0.999824
0.544069  0.455802  0.000129
0.000061  0.000061  0.999878
0.000057  0.000057  0.999886
